1193
756
760
1263
1522
1688
1707
1650
1016
856
1711
2391
1729
1909
2084
1750
1483
1546
2850
3042
2373
3280
2342
2225
3484
4139
4146
4483
4758
3355
3307
5586
7188
7895
8297
8093
5453
5734
14528
20069
50395
52406
48957
23529
21093
58014
40732
37911
35899
33696
17391
17224
36699
48341
48668
50540
68819
21414
19118
62229
73292
28356
17499
44503
17885
12822
16761
39874
38980
17510
11413
9111
13583
22263
8945
6326
4850
3898
2488
1905
2674
2542
2263
2104
1881
1308
1053
